48
    30.00000       0.000000       0.000000    
    50.00000       0.000000       0.000000    
    70.00000       0.000000       0.000000    
    90.00000       0.000000       0.000000    
    110.0000       0.000000       0.000000    
    130.0000       0.000000       0.000000    
    150.0000       0.000000       0.000000    
    150.0000       18.75000       0.000000    
    150.0000       37.50000       0.000000    
    150.0000       56.25000       0.000000    
    150.0000       75.00000       0.000000    
    131.2500       75.00000       0.000000    
    112.5000       75.00000       0.000000    
    93.75000       75.00000       0.000000    
    75.00000       75.00000       0.000000    
    56.25000       75.00000       0.000000    
    37.50000       75.00000       0.000000    
    18.75000       75.00000       0.000000    
    0.000000       75.00000       0.000000    
    0.000000       66.00000       0.000000    
    0.000000       57.00000       0.000000    
    0.000000       48.00000       0.000000    
    0.000000       39.00000       0.000000    
    0.000000       30.00000       0.000000    
    9.270510       28.53170       0.000000    
    17.63356       24.27051       0.000000    
    24.27051       17.63356       0.000000    
    28.53170       9.270510       0.000000    
    19.18462       65.10732       0.000000    
    13.22927       52.06732       0.000000    
    10.73442       41.36172       0.000000    
    21.92084       45.27327       0.000000    
    19.61349       35.35400       0.000000    
    30.07285       43.62158       0.000000    
    33.74111       22.20844       0.000000    
    40.07756       13.93935       0.000000    
    27.69127       29.12494       0.000000    
    27.08973       55.72852       0.000000    
    40.66034       31.68376       0.000000    
    57.30698       20.49514       0.000000    
    40.51390       53.31794       0.000000    
    81.11633       28.76843       0.000000    
    128.5665       21.70832       0.000000    
    125.4910       48.85965       0.000000    
    100.1995       51.41904       0.000000    
    82.40348       55.75152       0.000000    
    61.89300       48.57382       0.000000    
    105.8956       25.12591       0.000000    
66
     6      7      8
    10     11     12
    18     19     20
    20     21     29
    18     20     29
    21     22     30
    29     21     30
    22     23     31
    30     22     31
    30     31     32
    23     24     25
    31     23     25
    25     26     33
    31     25     33
    32     31     33
    32     33     34
    27     28     35
    28      1     36
    35     28     36
    36      1      2
    26     27     37
    33     26     37
    37     27     35
    34     33     37
    29     30     38
    38     30     32
    38     32     34
    34     37     39
    39     37     35
    36      2     40
    40      2      3
    35     36     39
    39     36     40
    29     38     17
    38     34     41
    17     38     41
    16     17     41
    34     39     41
    40      3     42
    42      3      4
     8      9     43
     6      8     43
     5      6     43
     9     10     44
    43      9     44
    44     10     12
    44     12     13
    13     14     45
    44     13     45
    14     15     46
    45     14     46
    15     16     47
    46     15     47
    47     16     41
    47     41     39
    46     47     42
    39     40     47
    40     42     47
    45     46     42
     4      5     48
    42      4     48
    48      5     43
    48     43     44
    42     48     45
    48     44     45
    17     18     29
